12 4
2
1 4 1 5
1 0 -1 0 0 1 0 -1
0.179400 0.160400 0.000000 0.198400 0.000200 0.000000 0.044000 0.076000 0.000000 0.193800 0.036800 0.000000 
0.000000 0.177400 0.020800 0.000000 0.181800 0.075600 0.000000 0.116400 0.077400 0.000000 0.048200 0.058800 
0.031800 0.039600 0.130600 0.073800 0.083600 0.138400 0.007200 0.180200 0.103200 0.000000 0.000000 0.000000 
0.000000 0.000000 0.000000 0.124600 0.140600 0.194200 0.060800 0.078800 0.098200 0.105000 0.092800 0.043800 
5 6
1.830000 3.950000 7.020000 7.430000 9.080000 1.340000
6.480000 0.000000 0.000000 0.000000 0.000000 1.060000
7.960000 0.000000 0.000000 0.000000 0.000000 3.800000
2.870000 0.000000 0.000000 0.000000 0.000000 1.930000
9.790000 3.560000 6.670000 9.760000 7.280000 2.140000

